radix=10;
coefdata=0.002165969520699, -0.001764721298804, -0.003524132757754, 0.000589805439529, 0.004089392190712, -0.000663408078130, -0.007348334963393, -0.001093435159226, 0.015919483540990, 0.016490027825669, -0.017257572503592, -0.053176580839075, -0.024449611505095, 0.096780586094614, 0.247523636652585, 0.316303431865765, 0.247523636652585, 0.096780586094614, -0.024449611505095, -0.053176580839075, -0.017257572503592, 0.016490027825669, 0.015919483540990, -0.001093435159226, -0.007348334963393, -0.000663408078130, 0.004089392190712, 0.000589805439529, -0.003524132757754, -0.001764721298804, 0.002165969520699, -0.002166097081100, -0.002882632255818, 0.002181456758120, 0.006126647739018, 0.000487188022552, -0.010597984967077, -0.010830485405502, 0.007519067679704, 0.026239078982146, 0.015316619347544, -0.028000440976267, -0.059078388911957, -0.018546003860598, 0.104871753715467, 0.246075900819091, 0.308433320775614, 0.246075900819091, 0.104871753715467, -0.018546003860598, -0.059078388911957, -0.028000440976267, 0.015316619347544, 0.026239078982146, 0.007519067679704, -0.010830485405502, -0.010597984967077, 0.000487188022552, 0.006126647739018, 0.002181456758120, -0.002882632255818, -0.002166097081100, -0.004901511927598, -0.000624881587474, 0.007313033646085, 0.007898912873967, -0.003672979709899, -0.015938160430768, -0.010893876075975, 0.012802591350430, 0.030389608355658, 0.013450565411212, -0.033130669041812, -0.060887335647615, -0.015171288180671, 0.108473397219665, 0.245037112556840, 0.304500986862343, 0.245037112556840, 0.108473397219665, -0.015171288180671, -0.060887335647615, -0.033130669041812, 0.013450565411212, 0.030389608355658, 0.012802591350430, -0.010893876075975, -0.015938160430768, -0.003672979709899, 0.007898912873967, 0.007313033646085, -0.000624881587474, -0.004901511927598;
